%YAML:1.0
---
R: !!opencv-matrix
   rows: 3
   cols: 3
   dt: d
   data: [ 9.9993747673682620e-01, 7.5650182841608031e-03,
       -8.2348719206410889e-03, -7.5158058068769068e-03,
       9.9995381078838086e-01, 5.9907389250618177e-03,
       8.2798116079030246e-03, -5.9284726663153473e-03,
       9.9994814762145656e-01 ]
T: !!opencv-matrix
   rows: 3
   cols: 1
   dt: d
   data: [ -3.7518042961652300e+00, 1.0860721961062456e-02,
       6.4259052309628598e-02 ]
R1: !!opencv-matrix
   rows: 3
   cols: 3
   dt: d
   data: [ 9.9966661696184811e-01, 4.7711724920067918e-03,
       -2.5375004337043778e-02, -4.6965035757330085e-03,
       9.9998446710513900e-01, 3.0014001090313647e-03,
       2.5388930387407020e-02, -2.8812256945411467e-03,
       9.9967349707405995e-01 ]
R2: !!opencv-matrix
   rows: 3
   cols: 3
   dt: d
   data: [ 9.9984916846070981e-01, -2.8943630755876707e-03,
       -1.7124923089275289e-02, 2.8439746970330094e-03,
       9.9999155722428146e-01, -2.9660222654912583e-03,
       1.7133363252717054e-02, 2.9168720478328436e-03,
       9.9984895845377919e-01 ]
P1: !!opencv-matrix
   rows: 3
   cols: 4
   dt: d
   data: [ 5.8721093309091998e+02, 0., 3.3979548263549805e+02, 0., 0.,
       5.8721093309091998e+02, 2.4239118576049805e+02, 0., 0., 0., 1.,
       0. ]
P2: !!opencv-matrix
   rows: 3
   cols: 4
   dt: d
   data: [ 5.8721093309091998e+02, 0., 3.3979548263549805e+02,
       -2.2034328486939976e+03, 0., 5.8721093309091998e+02,
       2.4239118576049805e+02, 0., 0., 0., 1., 0. ]
Q: !!opencv-matrix
   rows: 4
   cols: 4
   dt: d
   data: [ 1., 0., 0., -3.3979548263549805e+02, 0., 1., 0.,
       -2.4239118576049805e+02, 0., 0., 0., 5.8721093309091998e+02, 0.,
       0., 2.6649822046492921e-01, 0. ]
