%YAML:1.0
---
R: !!opencv-matrix
   rows: 3
   cols: 3
   dt: d
   data: [ 9.9998049866836047e-01, 6.0949337371870114e-03,
       -1.3616408177238458e-03, -6.0731429869319009e-03,
       9.9986185850360887e-01, 1.5471937304989558e-02,
       1.4557531512835408e-03, -1.5463366142226190e-02,
       9.9987937526999426e-01 ]
T: !!opencv-matrix
   rows: 3
   cols: 1
   dt: d
   data: [ -9.3175996094377886e+00, 8.7054803970866110e-02,
       1.0341410133384767e-01 ]
R1: !!opencv-matrix
   rows: 3
   cols: 3
   dt: d
   data: [ 9.9991585974960984e-01, -3.0748778667308474e-03,
       -1.2602323091523582e-02, 3.1719989697334017e-03,
       9.9996537076010539e-01, 7.6938743907875220e-03,
       1.2578228958580353e-02, -7.7332015821323730e-03,
       9.9989098693285339e-01 ]
R2: !!opencv-matrix
   rows: 3
   cols: 3
   dt: d
   data: [ 9.9989477871948917e-01, -9.3420674424300309e-03,
       -1.1097624313558610e-02, 9.2561834923764151e-03,
       9.9992700918635846e-01, -7.7652666908462871e-03,
       1.1169357934064792e-02, 7.6617279725658093e-03,
       9.9990826747647965e-01 ]
P1: !!opencv-matrix
   rows: 3
   cols: 4
   dt: d
   data: [ 7.3379170415047645e+02, 0., 4.1530249786376953e+02, 0., 0.,
       7.3379170415047645e+02, 3.0079751968383789e+02, 0., 0., 0., 1.,
       0. ]
P2: !!opencv-matrix
   rows: 3
   cols: 4
   dt: d
   data: [ 7.3379170415047645e+02, 0., 4.1530249786376953e+02,
       -6.8378967882572306e+03, 0., 7.3379170415047645e+02,
       3.0079751968383789e+02, 0., 0., 0., 1., 0. ]
Q: !!opencv-matrix
   rows: 4
   cols: 4
   dt: d
   data: [ 1., 0., 0., -4.1530249786376953e+02, 0., 1., 0.,
       -3.0079751968383789e+02, 0., 0., 0., 7.3379170415047645e+02, 0.,
       0., 1.0731248611570479e-01, 0. ]
