%YAML:1.0
---
M1: !!opencv-matrix
   rows: 3
   cols: 3
   dt: d
   data: [ 6.0639707132837430e+02, 0., 3.2390477273933573e+02, 0.,
       6.0658872490406941e+02, 2.4991482370668570e+02, 0., 0., 1. ]
D1: !!opencv-matrix
   rows: 1
   cols: 14
   dt: d
   data: [ 4.5503950813705805e-02, -1.5666027318899857e-02, 0., 0., 0.,
       0., 0., 2.1038163322740383e-01, 0., 0., 0., 0., 0., 0. ]
M2: !!opencv-matrix
   rows: 3
   cols: 3
   dt: d
   data: [ 6.0639707132837430e+02, 0., 3.2224955546889998e+02, 0.,
       6.0658872490406941e+02, 2.3478191571715368e+02, 0., 0., 1. ]
D2: !!opencv-matrix
   rows: 1
   cols: 14
   dt: d
   data: [ 7.4758288583898033e-02, -1.4527770769145968e-02, 0., 0., 0.,
       0., 0., 3.3121868929972387e-01, 0., 0., 0., 0., 0., 0. ]
