%YAML:1.0
---
M1: !!opencv-matrix
   rows: 3
   cols: 3
   dt: d
   data: [ 7.7654968513739072e+02, 0., 4.0280460458736167e+02, 0.,
       7.7328210858912200e+02, 2.9316516220331852e+02, 0., 0., 1. ]
D1: !!opencv-matrix
   rows: 1
   cols: 14
   dt: d
   data: [ 8.6488213269219169e-02, -1.1775992923006817e-01, 0., 0., 0.,
       0., 0., 1.4267452569062669e-01, 0., 0., 0., 0., 0., 0. ]
M2: !!opencv-matrix
   rows: 3
   cols: 3
   dt: d
   data: [ 7.7654968513739072e+02, 0., 4.0473914635736639e+02, 0.,
       7.7328210858912200e+02, 3.0855607338002585e+02, 0., 0., 1. ]
D2: !!opencv-matrix
   rows: 1
   cols: 14
   dt: d
   data: [ 1.1603142782244415e-01, -3.3371382975880637e-01, 0., 0., 0.,
       0., 0., -3.1179140225559221e-01, 0., 0., 0., 0., 0., 0. ]
